Timestep 	 0 Neighbours 	 1 Neighbour  	 2 Neighbours  	 3 Neighbours  	 4 Neighbours 	 5 Neighbours 	 6 Neighbours 	 0 Fraction 	 1 Fraction  	 2 Fraction  	 3 Fraction  	 4 Fraction 	 5 Fraction 	 6 Fraction
0 	 0 	 0 	 0 	 8 	 24 	 24 	 8 	 0.0 	 0.0 	 0.0 	 0.125 	 0.375 	 0.375 	 0.125
100 	 0 	 0 	 6 	 10 	 31 	 32 	 19 	 0.0 	 0.0 	 0.061224489795918366 	 0.10204081632653061 	 0.3163265306122449 	 0.32653061224489793 	 0.19387755102040816
200 	 0 	 1 	 15 	 22 	 29 	 55 	 36 	 0.0 	 0.006329113924050633 	 0.0949367088607595 	 0.13924050632911392 	 0.18354430379746836 	 0.34810126582278483 	 0.22784810126582278
300 	 0 	 0 	 21 	 37 	 67 	 93 	 97 	 0.0 	 0.0 	 0.06666666666666667 	 0.11746031746031746 	 0.2126984126984127 	 0.29523809523809524 	 0.30793650793650795
400 	 0 	 2 	 17 	 59 	 79 	 155 	 147 	 0.0 	 0.004357298474945534 	 0.037037037037037035 	 0.12854030501089325 	 0.1721132897603486 	 0.33769063180827885 	 0.3202614379084967
500 	 0 	 3 	 27 	 50 	 133 	 195 	 212 	 0.0 	 0.004838709677419355 	 0.043548387096774194 	 0.08064516129032258 	 0.21451612903225806 	 0.31451612903225806 	 0.3419354838709677
600 	 0 	 2 	 46 	 93 	 154 	 275 	 314 	 0.0 	 0.0022624434389140274 	 0.05203619909502263 	 0.10520361990950226 	 0.17420814479638008 	 0.31108597285067874 	 0.3552036199095023
700 	 0 	 2 	 43 	 100 	 215 	 362 	 398 	 0.0 	 0.0017857142857142857 	 0.038392857142857145 	 0.08928571428571429 	 0.19196428571428573 	 0.32321428571428573 	 0.35535714285714287
800 	 0 	 5 	 55 	 138 	 247 	 437 	 515 	 0.0 	 0.0035790980672870437 	 0.03937007874015748 	 0.09878310665712241 	 0.17680744452397995 	 0.31281317108088763 	 0.3686471009305655
900 	 0 	 1 	 79 	 175 	 321 	 540 	 645 	 0.0 	 0.0005678591709256105 	 0.044860874503123226 	 0.09937535491198182 	 0.18228279386712096 	 0.30664395229982966 	 0.36626916524701875
1000 	 0 	 4 	 86 	 211 	 391 	 669 	 772 	 0.0 	 0.001875293014533521 	 0.0403187998124707 	 0.09892170651664323 	 0.18330989217065166 	 0.3136427566807314 	 0.36193155180496955
1100 	 0 	 3 	 114 	 219 	 474 	 828 	 919 	 0.0 	 0.0011732499022291747 	 0.044583496284708646 	 0.08564724286272976 	 0.18537348455220962 	 0.32381697301525225 	 0.35940555338287056
1200 	 0 	 4 	 127 	 278 	 562 	 966 	 1066 	 0.0 	 0.001332001332001332 	 0.04229104229104229 	 0.09257409257409258 	 0.18714618714618714 	 0.32167832167832167 	 0.354978354978355
1300 	 0 	 8 	 134 	 329 	 669 	 1151 	 1201 	 0.0 	 0.002290950744558992 	 0.03837342497136312 	 0.09421534936998854 	 0.19158075601374572 	 0.32961053837342497 	 0.34392898052691867
1400 	 0 	 5 	 165 	 364 	 785 	 1299 	 1377 	 0.0 	 0.0012515644555694619 	 0.04130162703379224 	 0.09111389236545682 	 0.1964956195244055 	 0.32515644555694617 	 0.3446808510638298
1500 	 0 	 5 	 169 	 403 	 900 	 1522 	 1544 	 0.0 	 0.001100594320933304 	 0.037200088047545675 	 0.0887079022672243 	 0.1981069777679947 	 0.3350209112920977 	 0.33986352630420424
1600 	 0 	 3 	 189 	 458 	 977 	 1735 	 1708 	 0.0 	 0.000591715976331361 	 0.03727810650887574 	 0.0903353057199211 	 0.19270216962524656 	 0.3422090729783038 	 0.3368836291913215
1700 	 0 	 2 	 210 	 493 	 1071 	 1945 	 1900 	 0.0 	 0.0003558085749866572 	 0.037359900373599 	 0.08770681373421099 	 0.19053549190535493 	 0.3460238391745241 	 0.33801814623732435
1800 	 0 	 2 	 239 	 525 	 1175 	 2137 	 2117 	 0.0 	 0.0003228410008071025 	 0.03857949959644875 	 0.0847457627118644 	 0.18966908797417273 	 0.344955609362389 	 0.341727199354318
1900 	 0 	 6 	 256 	 597 	 1286 	 2351 	 2371 	 0.0 	 0.0008737439930100481 	 0.03727974370176205 	 0.08693752730449979 	 0.1872724625018203 	 0.3423620212611038 	 0.345274501237804
2000 	 0 	 7 	 292 	 679 	 1387 	 2576 	 2613 	 0.0 	 0.0009266613714588298 	 0.03865501720942547 	 0.08988615303150649 	 0.18361133174477098 	 0.34101138469684933 	 0.3459094519459889
2100 	 0 	 8 	 309 	 730 	 1520 	 2868 	 2833 	 0.0 	 0.0009675858732462506 	 0.03737300435413643 	 0.08829221093372036 	 0.18384131591678762 	 0.3468795355587808 	 0.3426463473633285
2200 	 0 	 5 	 309 	 818 	 1700 	 3089 	 3108 	 0.0 	 0.0005537711817477018 	 0.03422305903200797 	 0.09059696533392403 	 0.18828220179421862 	 0.3421198360837302 	 0.3442241665743715
2300 	 0 	 1 	 362 	 861 	 1852 	 3304 	 3383 	 0.0 	 0.00010242753252074157 	 0.03707876677250845 	 0.0881901055003585 	 0.1896957902284134 	 0.33842056744853016 	 0.34651234251766877
2400 	 0 	 9 	 383 	 930 	 1994 	 3513 	 3655 	 0.0 	 0.0008584509729111027 	 0.03653185806943914 	 0.08870660053414728 	 0.19019458222052651 	 0.33508202975963375 	 0.3486264784433422
2500 	 0 	 10 	 415 	 1021 	 2158 	 3759 	 3962 	 0.0 	 0.0008830022075055188 	 0.03664459161147903 	 0.09015452538631347 	 0.19055187637969095 	 0.3319205298013245 	 0.34984547461368654
2600 	 0 	 8 	 438 	 1080 	 2327 	 4038 	 4210 	 0.0 	 0.0006611023882323775 	 0.03619535575572267 	 0.08924882241137096 	 0.1922981571770928 	 0.33369143046029254 	 0.34790513180728866
2700 	 0 	 7 	 438 	 1159 	 2527 	 4320 	 4487 	 0.0 	 0.0005410418921007883 	 0.03385376410573505 	 0.08958107899211624 	 0.1953161230483846 	 0.33390013912505795 	 0.34680785283660537
2800 	 0 	 12 	 479 	 1207 	 2712 	 4659 	 4770 	 0.0 	 0.0008671146759158899 	 0.03461232748030927 	 0.08721728448587325 	 0.1959679167569911 	 0.3366572729243442 	 0.3446780836765662
2900 	 0 	 10 	 504 	 1305 	 2816 	 4983 	 5050 	 0.0 	 0.0006817562039814562 	 0.034360512680665395 	 0.08896918461958003 	 0.19198254704117806 	 0.33971911644395963 	 0.34428688301063537
3000 	 0 	 6 	 508 	 1402 	 3009 	 5316 	 5356 	 0.0 	 0.00038468936333910367 	 0.032570366096044114 	 0.08988908123357056 	 0.1929217157145605 	 0.34083477591844585 	 0.3433993716740399
3100 	 0 	 12 	 546 	 1455 	 3238 	 5641 	 5687 	 0.0 	 0.0007238072260088063 	 0.032933228783400686 	 0.08776162615356776 	 0.19530731648470956 	 0.34024971349297306 	 0.3430243078593401
3200 	 0 	 10 	 576 	 1519 	 3443 	 6001 	 6011 	 0.0 	 0.0005694760820045558 	 0.03280182232346242 	 0.08650341685649203 	 0.19607061503416856 	 0.34174259681093394 	 0.3423120728929385
3300 	 0 	 12 	 605 	 1604 	 3630 	 6328 	 6340 	 0.0 	 0.0006479831524380366 	 0.03266915060208435 	 0.0866137480425509 	 0.19601490361250606 	 0.3417031157189913 	 0.34235109887142934
3400 	 0 	 14 	 664 	 1672 	 3778 	 6726 	 6703 	 0.0 	 0.0007158562151659253 	 0.033952037633583884 	 0.0854936851255305 	 0.19317891292120468 	 0.3439177788004295 	 0.3427417293040855
3500 	 0 	 15 	 672 	 1830 	 3975 	 7073 	 7073 	 0.0 	 0.0007268146138191686 	 0.03256129469909875 	 0.08867138288593857 	 0.19260587266207965 	 0.34271731756953194 	 0.34271731756953194
3600 	 0 	 20 	 737 	 1894 	 4190 	 7394 	 7434 	 0.0 	 0.0009229775254972542 	 0.03401172181457381 	 0.08740597166458997 	 0.19336379159167474 	 0.34122479117633486 	 0.34307074622732936
3700 	 0 	 19 	 764 	 1966 	 4471 	 7769 	 7828 	 0.0 	 0.0008327124512424946 	 0.03348380593417189 	 0.08616382521803918 	 0.1959503878686944 	 0.34049173861594423 	 0.34307752991190776
3800 	 0 	 13 	 811 	 2138 	 4609 	 8143 	 8176 	 0.0 	 0.0005441607367099205 	 0.03394725826705735 	 0.0894935119296777 	 0.19292591042277105 	 0.34085391377145247 	 0.34223524487233153
3900 	 0 	 16 	 840 	 2203 	 4912 	 8483 	 8562 	 0.0 	 0.0006395906619763352 	 0.0335785097537576 	 0.08806363927086665 	 0.1963543332267349 	 0.3391029740965782 	 0.34226095299008635
4000 	 0 	 17 	 864 	 2371 	 5058 	 8958 	 8954 	 0.0 	 0.000648310578903211 	 0.03294943177484555 	 0.09042025779879491 	 0.19289146518190833 	 0.34162153916558613 	 0.34146899549996185
4100 	 0 	 23 	 931 	 2415 	 5356 	 9322 	 9358 	 0.0 	 0.0008392629082284254 	 0.03397190293742018 	 0.08812260536398467 	 0.1954387885422368 	 0.3401569056741471 	 0.34147053457398285
4200 	 0 	 29 	 922 	 2552 	 5592 	 9737 	 9735 	 0.0 	 0.0010151573493891552 	 0.03227500262540694 	 0.08933384674624567 	 0.19575034130290195 	 0.34084783141386915 	 0.34077782056218714
4300 	 0 	 18 	 965 	 2656 	 5858 	 10164 	 10144 	 0.0 	 0.0006039255158530448 	 0.03237711793323268 	 0.0891125650058715 	 0.19654420399261868 	 0.341016607951686 	 0.34034557960073814
4400 	 0 	 21 	 1009 	 2740 	 6093 	 10569 	 10544 	 0.0 	 0.0006779442148760331 	 0.03257360537190083 	 0.08845557851239669 	 0.1967006714876033 	 0.34119963842975204 	 0.34039256198347106
4500 	 0 	 25 	 1074 	 2823 	 6382 	 11022 	 10964 	 0.0 	 0.000774233508826262 	 0.033261071539176214 	 0.0874264478166615 	 0.19764633013316815 	 0.3413440693713224 	 0.33954784763084545
4600 	 0 	 22 	 1093 	 2996 	 6564 	 11480 	 11373 	 0.0 	 0.0006561679790026247 	 0.03259961822953949 	 0.08935814841326652 	 0.19577666428060128 	 0.3424003817704605 	 0.33920901932712955
4700 	 0 	 22 	 1145 	 3119 	 6807 	 11941 	 11791 	 0.0 	 0.0006317300789662599 	 0.03287867910983489 	 0.08956209619526202 	 0.1954630294328787 	 0.3428858578607322 	 0.3385786073223259
4800 	 0 	 24 	 1197 	 3238 	 7037 	 12410 	 12218 	 0.0 	 0.0006643782526851954 	 0.03313586535267412 	 0.08963569925811095 	 0.19480124017273834 	 0.3435389214926365 	 0.3382238954711549
4900 	 0 	 24 	 1215 	 3384 	 7317 	 12846 	 12667 	 0.0 	 0.0006408031399353857 	 0.0324406589592289 	 0.09035324273088938 	 0.1953648572878007 	 0.3429898806504152 	 0.33821055723173044
5000 	 0 	 26 	 1247 	 3484 	 7683 	 13314 	 13138 	 0.0 	 0.0006685179471356578 	 0.03206314923377558 	 0.08958140491617814 	 0.19754705337858686 	 0.34233261339092874 	 0.33780726113339504
5100 	 0 	 28 	 1294 	 3603 	 7934 	 13841 	 13597 	 0.0 	 0.0006948408070079658 	 0.032111571581010995 	 0.08941112241606075 	 0.1968881058143286 	 0.34347470034990196 	 0.3374196590316897
5200 	 0 	 23 	 1362 	 3672 	 8201 	 14351 	 14061 	 0.0 	 0.0005519558435325174 	 0.03268538516918647 	 0.08812095032397409 	 0.19680825533957283 	 0.3443964482841373 	 0.33743700503959684
5300 	 0 	 25 	 1401 	 3817 	 8470 	 14816 	 14574 	 0.0 	 0.0005800060320627334 	 0.032503538036795586 	 0.08855532097533815 	 0.1965060436628541 	 0.3437347748416584 	 0.3381203164512911
5400 	 0 	 26 	 1473 	 3965 	 8712 	 15301 	 15068 	 0.0 	 0.0005836794253002582 	 0.03306768436412617 	 0.08901111235828937 	 0.19557750589291728 	 0.34349534178920194 	 0.338264676170165
5500 	 0 	 30 	 1510 	 4086 	 9015 	 15818 	 15579 	 0.0 	 0.0006516356053694774 	 0.03279899213693036 	 0.08875276945132282 	 0.19581649941352797 	 0.3435857335244798 	 0.3383943698683696
5600 	 0 	 24 	 1522 	 4245 	 9322 	 16329 	 16094 	 0.0 	 0.0005048805116122518 	 0.0320178391114103 	 0.08930074049141704 	 0.19610400538539213 	 0.3435080780881858 	 0.3385644564119825
5700 	 0 	 27 	 1565 	 4345 	 9597 	 16860 	 16614 	 0.0 	 0.0005509304603330069 	 0.031933561867450215 	 0.08865899444988573 	 0.19582517140058767 	 0.3440254652301665 	 0.3390058765915769
5800 	 0 	 36 	 1634 	 4455 	 9893 	 17395 	 17128 	 0.0 	 0.0007122929898498249 	 0.03233018737262816 	 0.08814625749391583 	 0.19574207079400882 	 0.34417601551215843 	 0.3388931758374389
5900 	 0 	 31 	 1672 	 4642 	 10220 	 17869 	 17654 	 0.0 	 0.0005951466748579327 	 0.032099523882660116 	 0.0891184149900169 	 0.19620641990477652 	 0.3430540623560129 	 0.3389264321916756
6000 	 0 	 35 	 1731 	 4786 	 10505 	 18413 	 18151 	 0.0 	 0.0006527293411163537 	 0.03228212827064023 	 0.08925607504522481 	 0.19591204938363702 	 0.34339158165644057 	 0.338505436302941
6100 	 0 	 29 	 1794 	 4920 	 10811 	 18993 	 18652 	 0.0 	 0.0005253718364463124 	 0.03250058877878222 	 0.08913204949365025 	 0.19585499737314083 	 0.34408232033189007 	 0.3379046721860903
6200 	 0 	 38 	 1836 	 5076 	 11210 	 19458 	 19202 	 0.0 	 0.0006687785990848292 	 0.032312565997888065 	 0.08933474128827877 	 0.19728968673002464 	 0.34244984160506864 	 0.3379443857796551
6300 	 0 	 47 	 1901 	 5202 	 11495 	 20027 	 19741 	 0.0 	 0.0008046154109530413 	 0.0325441254515262 	 0.08905551846335576 	 0.19678838614691935 	 0.34285176245013954 	 0.3379555920771061
6400 	 0 	 41 	 1988 	 5402 	 11795 	 20547 	 20314 	 0.0 	 0.0006823439346281226 	 0.03308535956196848 	 0.08990297402100288 	 0.1962987002180172 	 0.34195416645863497 	 0.33807645580574835
6500 	 0 	 37 	 2007 	 5609 	 12196 	 21056 	 20867 	 0.0 	 0.0005989768827300395 	 0.032490448747005116 	 0.09080165770899437 	 0.1974357313993395 	 0.3408664119665868 	 0.33780677329534414
6600 	 0 	 39 	 2040 	 5762 	 12597 	 21635 	 21444 	 0.0 	 0.0006140088480249382 	 0.032117385896689075 	 0.09071587134153061 	 0.19832485791205504 	 0.3406174724876805 	 0.3376104035140199
6700 	 0 	 47 	 2091 	 5898 	 12945 	 22255 	 21974 	 0.0 	 0.0007207483514798344 	 0.03206563410519859 	 0.09044625057506517 	 0.19851249808311608 	 0.3412820119613556 	 0.3369728569237847
6800 	 0 	 46 	 2155 	 6046 	 13235 	 22942 	 22494 	 0.0 	 0.0006874084700678443 	 0.03220359245643922 	 0.09034938282674318 	 0.19777937176843302 	 0.3428375026151409 	 0.33614274186317583
6900 	 0 	 39 	 2201 	 6240 	 13568 	 23585 	 23023 	 0.0 	 0.0005680494057329294 	 0.03205837800046609 	 0.0908879049172687 	 0.19762293171754836 	 0.3435242367746446 	 0.33533849918433933
7000 	 0 	 43 	 2264 	 6354 	 14001 	 24169 	 23564 	 0.0 	 0.0006108388379856524 	 0.03216137509766319 	 0.09026209247815896 	 0.19889196675900278 	 0.3433340436110519 	 0.3347396832161375
7100 	 0 	 48 	 2353 	 6484 	 14304 	 24766 	 24068 	 0.0 	 0.0006664537717118143 	 0.03267011926745623 	 0.09002679699540425 	 0.19860322397012065 	 0.3438623772961415 	 0.33417102869916554
7200 	 0 	 40 	 2369 	 6676 	 14701 	 25332 	 24679 	 0.0 	 0.0005420274536905294 	 0.0321015759448216 	 0.09046438202094936 	 0.19920863991761184 	 0.3432659864222123 	 0.3344173882407144
7300 	 0 	 37 	 2468 	 6771 	 15052 	 25984 	 25230 	 0.0 	 0.0004897937571152471 	 0.03267056736649811 	 0.08963225755209023 	 0.19925339546212703 	 0.34396759418601575 	 0.3339863916761537
7400 	 0 	 43 	 2459 	 6950 	 15384 	 26653 	 25785 	 0.0 	 0.0005564614229883273 	 0.03182182881693713 	 0.08993969511090405 	 0.19908377979656805 	 0.34491549550948575 	 0.3336827393431167
7500 	 0 	 37 	 2520 	 7078 	 15744 	 27301 	 26341 	 0.0 	 0.0004682299641867352 	 0.031890257020285744 	 0.08957112666253274 	 0.19923817719340428 	 0.34549043925032585 	 0.3333417699092646
7600 	 0 	 44 	 2595 	 7158 	 16178 	 27910 	 26950 	 0.0 	 0.0005443186738417764 	 0.03210243087771386 	 0.08855075153089627 	 0.20013607966846045 	 0.3452712315209996 	 0.33339518772808807
7700 	 0 	 51 	 2629 	 7418 	 16450 	 28531 	 27507 	 0.0 	 0.0006175380815150268 	 0.031833482672607945 	 0.08982151938585232 	 0.1991863027631802 	 0.34547017654323975 	 0.33307098055360473
7800 	 0 	 51 	 2714 	 7561 	 16762 	 29108 	 28118 	 0.0 	 0.0006048817515477856 	 0.03218919752354295 	 0.08967668477358445 	 0.19880446900870555 	 0.34523329458927343 	 0.3334914723533458
7900 	 0 	 55 	 2725 	 7773 	 17076 	 29760 	 28697 	 0.0 	 0.000638895987733197 	 0.0316543921195084 	 0.09029342750272983 	 0.19835977975512858 	 0.34570081081708987 	 0.3333526938178101
8000 	 0 	 54 	 2775 	 7934 	 17482 	 30354 	 29296 	 0.0 	 0.0006143694180556345 	 0.031571761761192335 	 0.09026679560839639 	 0.19889641048978896 	 0.3453438762159395 	 0.3333067865066272
8100 	 0 	 52 	 2851 	 8094 	 17858 	 30912 	 29913 	 0.0 	 0.0005798394290811776 	 0.03179081177520071 	 0.0902542372881356 	 0.19913024085637823 	 0.34469223907225693 	 0.3335526315789474
8200 	 0 	 51 	 2914 	 8277 	 18187 	 31526 	 30491 	 0.0 	 0.0005577061872580539 	 0.0318658005817641 	 0.09051243356735122 	 0.19888240054239661 	 0.3447499070489688 	 0.3334317520722612
8300 	 0 	 51 	 2999 	 8404 	 18567 	 32141 	 31073 	 0.0 	 0.0005470048801415777 	 0.0321660320695018 	 0.09013782377862391 	 0.19914195312918967 	 0.3447310559339304 	 0.33327613020861263
8400 	 0 	 61 	 3081 	 8548 	 18954 	 32731 	 31677 	 0.0 	 0.0006417539872911669 	 0.03241383663678828 	 0.08992972267811303 	 0.19940664057568488 	 0.34434835668897024 	 0.3332596894331524
8500 	 0 	 51 	 3162 	 8766 	 19258 	 33375 	 32278 	 0.0 	 0.0005263701104345134 	 0.03263494684693983 	 0.09047373309939107 	 0.19876148209309527 	 0.34446279285788006 	 0.33314067499225924
8600 	 0 	 68 	 3214 	 8914 	 19687 	 33934 	 32870 	 0.0 	 0.0006890471895994407 	 0.032567612755479446 	 0.09032598011896197 	 0.19948929443594393 	 0.3438548137039326 	 0.33307325179608255
8700 	 0 	 54 	 3287 	 9143 	 20033 	 34563 	 33482 	 0.0 	 0.0005369821602593424 	 0.03268630297726775 	 0.09091903502316978 	 0.1992104373421372 	 0.34369841490821584 	 0.3329488275889501
8800 	 0 	 61 	 3331 	 9265 	 20456 	 35188 	 34057 	 0.0 	 0.0005959475566150178 	 0.03254264444401024 	 0.09051564118095312 	 0.19984759373961977 	 0.3437738134781844 	 0.3327243596006174
8900 	 0 	 73 	 3372 	 9473 	 20716 	 35896 	 34624 	 0.0 	 0.0007008852276436815 	 0.0323751368166369 	 0.09095185974614513 	 0.19889778597077404 	 0.3446435086506519 	 0.3324308235881483
9000 	 0 	 65 	 3482 	 9601 	 21139 	 36426 	 35207 	 0.0 	 0.0006136706948640483 	 0.032873867069486404 	 0.09064388217522659 	 0.1995751510574018 	 0.3439010574018127 	 0.33239237160120844
9100 	 0 	 60 	 3573 	 9770 	 21471 	 37040 	 35860 	 0.0 	 0.0005567205448438399 	 0.033152708445450665 	 0.09065266205207193 	 0.1992224469723681 	 0.34368214968359717 	 0.3327333123016683
9200 	 0 	 57 	 3657 	 9963 	 21819 	 37650 	 36464 	 0.0 	 0.0005200255451144969 	 0.03336374418392483 	 0.09089499133290758 	 0.19906030471672292 	 0.34349055743089135 	 0.3326703767904388
9300 	 0 	 70 	 3700 	 10096 	 22258 	 38202 	 37013 	 0.0 	 0.00062871051473428 	 0.03323184149309766 	 0.09067801938224701 	 0.1999119805279372 	 0.34311427262684235 	 0.3324351754551415
9400 	 0 	 73 	 3702 	 10318 	 22610 	 38851 	 37542 	 0.0 	 0.0006454693357855274 	 0.03273325316545236 	 0.09123222748815166 	 0.19991865317959964 	 0.34352231732333594 	 0.3319480795076749
9500 	 0 	 76 	 3763 	 10403 	 23063 	 39455 	 38133 	 0.0 	 0.000661485033901108 	 0.03275221292855091 	 0.09054511589043719 	 0.20073459653764808 	 0.3434064738495818 	 0.33190011575988093
9600 	 0 	 74 	 3865 	 10588 	 23377 	 40072 	 38699 	 0.0 	 0.0006342404113991858 	 0.03312620527105207 	 0.09074780372830513 	 0.2003599742875509 	 0.34344975358902935 	 0.3316820227126634
9700 	 0 	 72 	 3907 	 10829 	 23673 	 40653 	 39245 	 0.0 	 0.000608215984253964 	 0.03300416459000329 	 0.09147737352064134 	 0.1999763471561679 	 0.3434139501093944 	 0.3315199486395391
9800 	 0 	 55 	 4027 	 10976 	 24010 	 41277 	 39835 	 0.0 	 0.0004576468630387752 	 0.033508071226493595 	 0.09132967215842902 	 0.1997836578465635 	 0.3434598102845731 	 0.33146114162090196
9900 	 0 	 73 	 4091 	 11105 	 24356 	 41868 	 40362 	 0.0 	 0.0005990726683353165 	 0.033572688851503836 	 0.09113290386114645 	 0.19987690287636944 	 0.3435886914775758 	 0.33122974026506913
10000 	 0 	 73 	 4117 	 11328 	 24688 	 42487 	 40955 	 0.0 	 0.0005903856107660455 	 0.03329613095238095 	 0.09161490683229814 	 0.19966356107660455 	 0.3436125129399586 	 0.33122250258799174
10100 	 0 	 76 	 4161 	 11513 	 25061 	 43039 	 41534 	 0.0 	 0.0006061379442353092 	 0.03318605244688318 	 0.09182192305238308 	 0.19987398711159318 	 0.3432575129203088 	 0.33125438652459643
10200 	 0 	 84 	 4189 	 11662 	 25438 	 43570 	 42066 	 0.0 	 0.0006613704540623105 	 0.03298191466746451 	 0.09182026470565079 	 0.20028501917186972 	 0.3430465557558913 	 0.33120487524506137
10300 	 0 	 90 	 4270 	 11746 	 25802 	 44226 	 42601 	 0.0 	 0.0006991105759894357 	 0.03316891288305434 	 0.09124169806191013 	 0.20042723424088243 	 0.3435429370412087 	 0.33092010719695497
10400 	 0 	 83 	 4340 	 11897 	 26130 	 44778 	 43165 	 0.0 	 0.0006365372374283895 	 0.03328399530649651 	 0.09123956040585 	 0.20039419293980504 	 0.34340800503094493 	 0.3310377090794751
10500 	 0 	 85 	 4408 	 12112 	 26384 	 45433 	 43717 	 0.0 	 0.0006432620195400298 	 0.03335881155449943 	 0.09166105389022167 	 0.19966853086522526 	 0.3438273333383785 	 0.3308410083321351
10600 	 0 	 88 	 4481 	 12341 	 26626 	 46027 	 44254 	 0.0 	 0.0006576145033889565 	 0.03348602942824903 	 0.09222296120821719 	 0.19897322462766315 	 0.34395480394867617 	 0.3307053662838055
10700 	 0 	 93 	 4536 	 12483 	 26993 	 46574 	 44740 	 0.0 	 0.0006867573974109985 	 0.033496038222110634 	 0.09218056550410209 	 0.19932948847650625 	 0.3439251508281703 	 0.33038199957169967
10800 	 0 	 91 	 4618 	 12536 	 27451 	 47115 	 45292 	 0.0 	 0.0006637345645244815 	 0.03368270570301161 	 0.09143490660306484 	 0.2002217311072697 	 0.3436467473359445 	 0.3303501746861848
10900 	 0 	 80 	 4702 	 12678 	 27735 	 47758 	 45757 	 0.0 	 0.0005767428447840819 	 0.033898060702184415 	 0.09139932232715738 	 0.1999495350010814 	 0.34430105976497727 	 0.3298752793598154
11000 	 0 	 69 	 4737 	 12930 	 27992 	 48361 	 46253 	 0.0 	 0.000491656097248151 	 0.03375325989368828 	 0.09213207735389263 	 0.19945561556768465 	 0.3445939205654758 	 0.3295734705220105
11100 	 0 	 73 	 4781 	 13166 	 28284 	 48875 	 46775 	 0.0 	 0.0005142510954252786 	 0.033679924482578866 	 0.0927483551009482 	 0.19924764360285727 	 0.3443016751905547 	 0.3295081505276357
11200 	 0 	 83 	 4864 	 13213 	 28650 	 49462 	 47236 	 0.0 	 0.0005783649692003233 	 0.03389358084566714 	 0.09207152214510689 	 0.19964043816372606 	 0.3446637121275469 	 0.32915238174875266
11300 	 0 	 85 	 4951 	 13325 	 29070 	 49888 	 47693 	 0.0 	 0.0005861583868921193 	 0.03414200204121038 	 0.09188894712161752 	 0.2004661683171048 	 0.3440267012385182 	 0.328890022894657
11400 	 0 	 86 	 4956 	 13548 	 29347 	 50430 	 48178 	 0.0 	 0.0005868504554914873 	 0.03381896345832338 	 0.09244941826742639 	 0.20025930601521716 	 0.34412637756320585 	 0.32875908424033573
11500 	 0 	 83 	 4969 	 13707 	 29681 	 50960 	 48608 	 0.0 	 0.0005607804983514405 	 0.033572509594076 	 0.09260985892654451 	 0.2005364574887844 	 0.34430571320469167 	 0.328414680287552
11600 	 0 	 96 	 5076 	 13777 	 30003 	 51531 	 49081 	 0.0 	 0.0006418656896044503 	 0.03393864833783531 	 0.092114412559172 	 0.20060308630419085 	 0.34454146719798884 	 0.3281605199112086
11700 	 0 	 90 	 5091 	 13889 	 30394 	 52031 	 49499 	 0.0 	 0.0005960501741791065 	 0.03371657151939812 	 0.09198378743526232 	 0.20129276659999734 	 0.34458985125236763 	 0.3278209730187954
11800 	 0 	 96 	 5104 	 14058 	 30698 	 52554 	 49919 	 0.0 	 0.0006298014157410991 	 0.03348444193690177 	 0.0922265448175872 	 0.20139212354604438 	 0.34477691252976794 	 0.32749017575395756
11900 	 0 	 90 	 5209 	 14130 	 31075 	 53012 	 50373 	 0.0 	 0.0005848371228612832 	 0.03384907303316027 	 0.09181942828922145 	 0.20193126214349305 	 0.3444820617458038 	 0.3273333376654602
12000 	 0 	 103 	 5207 	 14294 	 31384 	 53499 	 50790 	 0.0 	 0.0006633306928907695 	 0.03353362056196346 	 0.09205484392408406 	 0.202116218113436 	 0.34453911397051723 	 0.3270928727371085
12100 	 0 	 96 	 5208 	 14410 	 31747 	 53978 	 51199 	 0.0 	 0.0006128781010993501 	 0.03324863698463974 	 0.09199555663376703 	 0.2026775112041778 	 0.3446034806368825 	 0.3268619364394336
12200 	 0 	 99 	 5320 	 14470 	 32065 	 54517 	 51649 	 0.0 	 0.0006261067543637743 	 0.033645332658740194 	 0.09151277510751328 	 0.20278902099671137 	 0.3447824437136352 	 0.32664432076903616
12300 	 0 	 108 	 5343 	 14664 	 32307 	 55008 	 52046 	 0.0 	 0.0006772178885851162 	 0.033503473876947 	 0.09195113998344578 	 0.20258220672703103 	 0.3449296445860192 	 0.32635631693797185
12400 	 0 	 95 	 5429 	 14751 	 32590 	 55466 	 52430 	 0.0 	 0.0005909393447415729 	 0.0337706284484421 	 0.09175732920297834 	 0.20272329731713537 	 0.3450214915309061 	 0.32613631415579647
12500 	 0 	 97 	 5408 	 14934 	 32886 	 55909 	 52825 	 0.0 	 0.0005985474425980661 	 0.033370562572890124 	 0.09215162379133525 	 0.20292609481731963 	 0.3449916388475802 	 0.32596153252827675
12600 	 0 	 90 	 5493 	 15099 	 33109 	 56325 	 53243 	 0.0 	 0.0005509338328466751 	 0.03362532826474207 	 0.0924283326905772 	 0.20267631413022852 	 0.34479275705654416 	 0.3259263340250614
12700 	 0 	 90 	 5478 	 15258 	 33337 	 56830 	 53613 	 0.0 	 0.0005467601424006415 	 0.033279467334119045 	 0.09269406947498876 	 0.20252603185789098 	 0.34524865436253843 	 0.3257050168280622
12800 	 0 	 105 	 5503 	 15407 	 33524 	 57286 	 53991 	 0.0 	 0.0006332320162107396 	 0.033187388430549525 	 0.0929162445119892 	 0.20217590582332223 	 0.345479326482366 	 0.3256079027355623
12900 	 0 	 109 	 5537 	 15507 	 33820 	 57684 	 54373 	 0.0 	 0.0006525773813087469 	 0.03314973358079387 	 0.0928396096509609 	 0.20247859665928275 	 0.3453511345267317 	 0.32552834820092197
13000 	 0 	 110 	 5620 	 15557 	 34052 	 58115 	 54728 	 0.0 	 0.0006540533469693546 	 0.033416180090616115 	 0.09250098108002046 	 0.20247113246364057 	 0.34554827508294583 	 0.32540937793580765
13100 	 0 	 106 	 5687 	 15621 	 34328 	 58485 	 55084 	 0.0 	 0.0006260668237740017 	 0.033589075724554225 	 0.09226216843560076 	 0.2027511502501314 	 0.34542941687191026 	 0.32534212189402933
13200 	 0 	 111 	 5747 	 15679 	 34609 	 58844 	 55449 	 0.0 	 0.0006512593948568109 	 0.0337188084886675 	 0.09199185632396341 	 0.20305798555494928 	 0.3452496200986863 	 0.32533047013887667
13300 	 0 	 111 	 5787 	 15745 	 34890 	 59228 	 55780 	 0.0 	 0.0006470756262351274 	 0.03373537521642057 	 0.09178563725290163 	 0.20339160900309547 	 0.34527022694283 	 0.3251700759585172
13400 	 0 	 113 	 5804 	 15878 	 35058 	 59581 	 56116 	 0.0 	 0.0006548826427122573 	 0.03363662706461895 	 0.09201970443349754 	 0.20317589104607361 	 0.3452970153578673 	 0.3252158794552304
13500 	 0 	 112 	 5867 	 16001 	 35255 	 59919 	 56455 	 0.0 	 0.0006451278447545922 	 0.03379433093906422 	 0.09216688074926992 	 0.20307126934663525 	 0.3451376368736644 	 0.32518475424661164
13600 	 0 	 105 	 5939 	 16152 	 35397 	 60277 	 56779 	 0.0 	 0.0006012058471562963 	 0.034005347869154705 	 0.09248263660255712 	 0.20267507973134688 	 0.3451322366575245 	 0.32510349329226046
13700 	 0 	 115 	 5924 	 16235 	 35677 	 60640 	 57106 	 0.0 	 0.0006545359340227779 	 0.033717138027399444 	 0.09240339903356347 	 0.20305981320113606 	 0.34513964381861956 	 0.3250254699852587
13800 	 0 	 108 	 5981 	 16315 	 35910 	 60923 	 57418 	 0.0 	 0.0006113611276216354 	 0.033856952817638904 	 0.09235515552913871 	 0.20327757493419377 	 0.34486994424160083 	 0.3250290113498061
13900 	 0 	 107 	 6028 	 16393 	 36136 	 61274 	 57766 	 0.0 	 0.0006021248818259577 	 0.03392157745464368 	 0.09224890829694324 	 0.20334938999684868 	 0.3448093458785396 	 0.32506865349119884
14000 	 0 	 106 	 6037 	 16484 	 36374 	 61598 	 58085 	 0.0 	 0.0005932260303104923 	 0.03378590136777775 	 0.0922522441852656 	 0.20356607194824383 	 0.3447314812742047 	 0.3250710751941976
14100 	 0 	 105 	 6085 	 16540 	 36615 	 61931 	 58349 	 0.0 	 0.0005845511482254698 	 0.03387613082811412 	 0.09208072372999304 	 0.20384133611691024 	 0.3447794015309673 	 0.32483785664578985
14200 	 0 	 101 	 6082 	 16703 	 36735 	 62272 	 58621 	 0.0 	 0.0005595133895431934 	 0.03369267757625447 	 0.09253021926277186 	 0.2035022214343486 	 0.3449704732042944 	 0.3247448951327875
14300 	 0 	 116 	 6075 	 16804 	 36887 	 62622 	 58868 	 0.0 	 0.0006395695035617405 	 0.0334946959839446 	 0.09264936153320248 	 0.20337758860243035 	 0.34526828837968376 	 0.3245704959971771
14400 	 0 	 116 	 6085 	 16866 	 37074 	 62924 	 59121 	 0.0 	 0.0006367119317620454 	 0.03339993193769005 	 0.09257571931981601 	 0.2034953289495351 	 0.3453832896051288 	 0.324509018256068
14500 	 0 	 113 	 6087 	 16990 	 37209 	 63261 	 59376 	 0.0 	 0.000617364889967001 	 0.03325575296662951 	 0.09282326973928626 	 0.20328787779453222 	 0.34562053366550843 	 0.3243952009440766
14600 	 0 	 110 	 6117 	 17056 	 37404 	 63544 	 59602 	 0.0 	 0.0005983691720202575 	 0.03327476568407196 	 0.09277985998161374 	 0.20346727736587011 	 0.34566155151686584 	 0.32421817627955807
14700 	 0 	 114 	 6115 	 17169 	 37535 	 63851 	 59829 	 0.0 	 0.0006175079761446919 	 0.033123344509866585 	 0.0929999512493703 	 0.2033172095139562 	 0.3458640507439888 	 0.3240779360066734
14800 	 0 	 114 	 6176 	 17248 	 37658 	 64100 	 60083 	 0.0 	 0.0006149563866457365 	 0.03331553196424622 	 0.09304182242864618 	 0.20314059305530832 	 0.34577810863150626 	 0.3241089875336473
14900 	 0 	 120 	 6203 	 17296 	 37844 	 64324 	 60339 	 0.0 	 0.0006447245414396698 	 0.033326886087918936 	 0.09292629723950442 	 0.2033246295520239 	 0.3455938450297111 	 0.324183617549402
15000 	 0 	 130 	 6201 	 17359 	 38009 	 64567 	 60560 	 0.0 	 0.0006958346268720628 	 0.03319131170179739 	 0.09291533298363183 	 0.20344598717523257 	 0.34559964887114214 	 0.324151884641324
15100 	 0 	 128 	 6217 	 17375 	 38214 	 64855 	 60779 	 0.0 	 0.000682419175978845 	 0.033145312633285 	 0.09263307173931587 	 0.20373411242855924 	 0.34576793482896867 	 0.32403714919389237
15200 	 0 	 132 	 6243 	 17374 	 38429 	 65068 	 61000 	 0.0 	 0.0007012101186745004 	 0.03316405129458262 	 0.09229412577159674 	 0.2041424518980483 	 0.34565409092357874 	 0.32404406999351915
15300 	 0 	 134 	 6297 	 17394 	 38569 	 65312 	 61201 	 0.0 	 0.0007093437511579772 	 0.03333386269434166 	 0.09207705378837205 	 0.20416924730158226 	 0.3457362617584314 	 0.32397423070611464
15400 	 0 	 134 	 6283 	 17513 	 38691 	 65523 	 61414 	 0.0 	 0.0007069076483187204 	 0.03314552801780985 	 0.09238860929108769 	 0.2041116703067135 	 0.3456620137372203 	 0.32398527099884994
15500 	 0 	 124 	 6332 	 17560 	 38796 	 65744 	 61619 	 0.0 	 0.0006520310240567898 	 0.03329564874457736 	 0.09233600630997765 	 0.20400157749441303 	 0.34570264230314185 	 0.3240120941238333
15600 	 0 	 131 	 6330 	 17689 	 38911 	 65948 	 61808 	 0.0 	 0.0006865216411535659 	 0.0331731449503975 	 0.09270138404859106 	 0.20391788991546875 	 0.34560861977706386 	 0.32391243966732525
15700 	 0 	 131 	 6361 	 17725 	 39059 	 66184 	 62017 	 0.0 	 0.0006841552771351128 	 0.033220700136308796 	 0.09256986478793798 	 0.20398794633297995 	 0.3456498691748878 	 0.3238874642907503
15800 	 0 	 133 	 6370 	 17805 	 39132 	 66412 	 62210 	 0.0 	 0.0006924847184763254 	 0.03316637335860295 	 0.09270443919151107 	 0.20374670679259824 	 0.3457841738605242 	 0.3239058220782872
15900 	 0 	 143 	 6397 	 17846 	 39276 	 66551 	 62385 	 0.0 	 0.0007424791534699218 	 0.03321425975347615 	 0.0926593214882813 	 0.20392735127052203 	 0.34554356743060677 	 0.3239130209036439
16000 	 0 	 135 	 6436 	 17876 	 39394 	 66759 	 62568 	 0.0 	 0.000698873519423507 	 0.033318147933405116 	 0.09254120765344157 	 0.20393646980866395 	 0.34560072061625113 	 0.3239045804688147
16100 	 0 	 141 	 6484 	 17919 	 39521 	 66980 	 62751 	 0.0 	 0.0007275691964746435 	 0.03345786290738715 	 0.0924632087349584 	 0.20393093768705237 	 0.3456211686515718 	 0.32379925282255567
16200 	 0 	 139 	 6513 	 17960 	 39623 	 67155 	 62922 	 0.0 	 0.0007153443945819095 	 0.03351825929433077 	 0.09242867141504385 	 0.20391432335625181 	 0.3456039771089794 	 0.3238194244308123
16300 	 0 	 136 	 6537 	 17972 	 39767 	 67336 	 63098 	 0.0 	 0.0006979871282961929 	 0.03354957248288392 	 0.09223694610102337 	 0.2040945156687846 	 0.3455857446393562 	 0.32383523397965575
16400 	 0 	 135 	 6562 	 18040 	 39844 	 67511 	 63241 	 0.0 	 0.0006911274592618759 	 0.03359391398278837 	 0.0923551064080314 	 0.20397987027281617 	 0.3456200437202111 	 0.323759938156891
16500 	 0 	 128 	 6578 	 18110 	 39935 	 67656 	 63402 	 0.0 	 0.0006536982467608741 	 0.033593961462445546 	 0.09248808788155805 	 0.2039487459718399 	 0.34552037955354453 	 0.3237951268838511
16600 	 0 	 132 	 6590 	 18167 	 40029 	 67809 	 63534 	 0.0 	 0.0006725737665659505 	 0.03357773577022435 	 0.0925655122515426 	 0.20395799471112447 	 0.3455042010384131 	 0.3237219824621295
16700 	 0 	 124 	 6629 	 18157 	 40166 	 67991 	 63667 	 0.0 	 0.0006302926794555084 	 0.033695243323472304 	 0.09229213049091667 	 0.20416399808878993 	 0.34559862555531834 	 0.32361970986204724
16800 	 0 	 126 	 6645 	 18209 	 40252 	 68131 	 63810 	 0.0 	 0.0006390327276046923 	 0.033701368848676035 	 0.09235037251550669 	 0.2041455980281276 	 0.34553919654313725 	 0.32362443133694774
16900 	 0 	 129 	 6682 	 18200 	 40343 	 68311 	 63941 	 0.0 	 0.0006528141858040748 	 0.03381476270963432 	 0.09210246652429582 	 0.2041587806038278 	 0.34569294454621824 	 0.32357823143021974
17000 	 0 	 121 	 6677 	 18276 	 40434 	 68463 	 64082 	 0.0 	 0.0006109475746391117 	 0.03371319798235826 	 0.09227832953805294 	 0.20415747299965162 	 0.3456801967150207 	 0.32355985519027736
17100 	 0 	 119 	 6724 	 18289 	 40516 	 68610 	 64218 	 0.0 	 0.0005995687135976138 	 0.0338781515145408 	 0.09214716136963663 	 0.20413551260605817 	 0.3456841129406074 	 0.32355549285555935
17200 	 0 	 115 	 6745 	 18304 	 40626 	 68725 	 64364 	 0.0 	 0.0005782410410350012 	 0.0339150941024442 	 0.0920358610009101 	 0.20427496115728658 	 0.34556187430548224 	 0.32363396839284186
17300 	 0 	 114 	 6763 	 18316 	 40738 	 68844 	 64471 	 0.0 	 0.0005721570320106802 	 0.033942964977966936 	 0.0919265631430493 	 0.20446081728114993 	 0.34552262027844977 	 0.3235748772873734
17400 	 0 	 121 	 6746 	 18394 	 40826 	 68919 	 64598 	 0.0 	 0.0006062002765475641 	 0.033796917897436926 	 0.09215246187451154 	 0.2045349792589327 	 0.34527865173042627 	 0.32363078896214503
17500 	 0 	 128 	 6734 	 18437 	 40880 	 69081 	 64690 	 0.0 	 0.0006401600400100026 	 0.03367841960490123 	 0.09220805201300325 	 0.20445111277819455 	 0.3454913728432108 	 0.32353088272068015
17600 	 0 	 137 	 6714 	 18508 	 40968 	 69203 	 64789 	 0.0 	 0.0006839091648820132 	 0.03351654111691851 	 0.09239263374917007 	 0.2045138004882213 	 0.3454639849440143 	 0.32342913053679384
17700 	 0 	 132 	 6737 	 18541 	 41017 	 69327 	 64885 	 0.0 	 0.0006578980158393931 	 0.0335777191871969 	 0.09240975084604688 	 0.20443184027033628 	 0.3455310283643758 	 0.32339176331620473
17800 	 0 	 131 	 6727 	 18594 	 41073 	 69439 	 64986 	 0.0 	 0.0006519034585717841 	 0.03347598905200298 	 0.09253048021895995 	 0.20439412789251057 	 0.3455536203035581 	 0.3233938790743966
17900 	 0 	 129 	 6731 	 18625 	 41146 	 69542 	 65084 	 0.0 	 0.0006409714941592094 	 0.03344479943554758 	 0.0925433649512812 	 0.20444506278042504 	 0.3455382918358119 	 0.32338750950277506
18000 	 0 	 130 	 6747 	 18647 	 41200 	 69661 	 65178 	 0.0 	 0.0006449596404101943 	 0.03347340533728908 	 0.09251201857483764 	 0.20440259373000005 	 0.3456041039278042 	 0.32336291878965884
18100 	 0 	 130 	 6773 	 18662 	 41253 	 69778 	 65286 	 0.0 	 0.0006439405197095333 	 0.03354930107686668 	 0.09244013829861007 	 0.20434214045828752 	 0.3456375506483986 	 0.3233869289981276
18200 	 0 	 134 	 6765 	 18700 	 41296 	 69872 	 65381 	 0.0 	 0.0006628806616934128 	 0.033465579674298036 	 0.09250648040049865 	 0.20428596869620277 	 0.34564774323762787 	 0.32343134732967926
18300 	 0 	 124 	 6778 	 18719 	 41362 	 69953 	 65471 	 0.0 	 0.000612627033650022 	 0.03348698414580523 	 0.09248197937818356 	 0.20435064004703396 	 0.3456056361687096 	 0.32346213322661765
18400 	 0 	 119 	 6779 	 18757 	 41413 	 70024 	 65552 	 0.0 	 0.0005872367304237974 	 0.033452754584394305 	 0.09256133909713586 	 0.20436331694992202 	 0.34555180513610073 	 0.32348354750202324
18500 	 0 	 121 	 6775 	 18812 	 41440 	 70119 	 65646 	 0.0 	 0.0005963146767333783 	 0.033388693676600315 	 0.09270968346039929 	 0.2042254562300099 	 0.34556189105675833 	 0.3235179608994988
18600 	 0 	 127 	 6800 	 18810 	 41488 	 70221 	 65727 	 0.0 	 0.000625083057295999 	 0.03346901409143931 	 0.09258119927352552 	 0.20420036126847563 	 0.34562171154631766 	 0.3235026307629459
18700 	 0 	 126 	 6809 	 18839 	 41549 	 70275 	 65804 	 0.0 	 0.0006194629354676945 	 0.03347558037777406 	 0.09261954159742776 	 0.20427036115672412 	 0.34549807769835106 	 0.3235169762342553
18800 	 0 	 126 	 6813 	 18865 	 41578 	 70391 	 65869 	 0.0 	 0.0006187328743579418 	 0.033455770420640144 	 0.09263806091081407 	 0.20417202738138499 	 0.34566052189626895 	 0.3234548865165339
18900 	 0 	 123 	 6811 	 18907 	 41618 	 70456 	 65955 	 0.0 	 0.0006033256486976995 	 0.033408544660813264 	 0.09274047186932849 	 0.20413989306911268 	 0.3455927797125619 	 0.32351498503948595
19000 	 0 	 120 	 6816 	 18941 	 41652 	 70533 	 66027 	 0.0 	 0.0005879787739662599 	 0.03339719436128356 	 0.09280754964745773 	 0.2040874324436888 	 0.3455992238680184 	 0.3235206209055853
19100 	 0 	 120 	 6809 	 18979 	 41696 	 70605 	 66096 	 0.0 	 0.0005873571376128827 	 0.033327622916717654 	 0.09289542595629084 	 0.20408702674922297 	 0.34558625584297986 	 0.3235163113971758
19200 	 0 	 122 	 6819 	 18983 	 41732 	 70713 	 66155 	 0.0 	 0.0005965070114020848 	 0.0333408304159903 	 0.09281551309381784 	 0.20404451311337546 	 0.34574426473176745 	 0.3234583716336469
19300 	 0 	 120 	 6841 	 18983 	 41792 	 70769 	 66220 	 0.0 	 0.0005861521553303211 	 0.03341555745512272 	 0.09272438637196238 	 0.2041372572963732 	 0.34567834900476246 	 0.3234582977164489
19400 	 0 	 123 	 6839 	 18980 	 41852 	 70841 	 66288 	 0.0 	 0.000600225450535079 	 0.03337351102609273 	 0.09262015488744553 	 0.20423280939670022 	 0.3456957003362239 	 0.3234775989030026
19500 	 0 	 122 	 6853 	 19015 	 41884 	 70885 	 66350 	 0.0 	 0.0005948056886826029 	 0.0334115031519826 	 0.09270680467458765 	 0.20420361856378805 	 0.3455967314939861 	 0.32348653642697295
19600 	 0 	 121 	 6857 	 19042 	 41912 	 70929 	 66405 	 0.0 	 0.0005894790174700145 	 0.03340543489910652 	 0.09276743347656212 	 0.20418383950581198 	 0.345546753968022 	 0.3235070591330274
19700 	 0 	 122 	 6866 	 19056 	 41936 	 70984 	 66448 	 0.0 	 0.0005939283001966779 	 0.03342550581270812 	 0.0927696531848188 	 0.20415555079547446 	 0.3455689054193523 	 0.3234864564874496
19800 	 0 	 124 	 6865 	 19100 	 41935 	 71056 	 66499 	 0.0 	 0.0006031744487520613 	 0.03339348863453952 	 0.09290832234809976 	 0.20398484280982007 	 0.3456384163752134 	 0.32347175538357514
19900 	 0 	 121 	 6866 	 19134 	 41965 	 71111 	 66547 	 0.0 	 0.000588109495295124 	 0.03337156855120927 	 0.09299906680146201 	 0.20396706586826346 	 0.345628548098608 	 0.32344564118516217
20000 	 0 	 116 	 6861 	 19160 	 42005 	 71174 	 66595 	 0.0 	 0.0005633501852742204 	 0.03332022087212436 	 0.09304990991253503 	 0.20399590114175542 	 0.34565419040264966 	 0.3234164274856613
20100 	 0 	 115 	 6854 	 19183 	 42034 	 71238 	 66640 	 0.0 	 0.000558079043403991 	 0.033261510986877865 	 0.09309243730103268 	 0.2039851696560292 	 0.34570812951316093 	 0.3233946734994953
20200 	 0 	 115 	 6875 	 19184 	 42075 	 71275 	 66697 	 0.0 	 0.0005576541671313785 	 0.033338020861115016 	 0.09302641341085534 	 0.2040286876700239 	 0.345624354454687 	 0.32342486943618737
20300 	 0 	 117 	 6894 	 19202 	 42077 	 71331 	 66750 	 0.0 	 0.0005669401224009188 	 0.03340585644300798 	 0.0930460190627559 	 0.20389008145524323 	 0.3456444946237601 	 0.32344660829283184
20400 	 0 	 115 	 6904 	 19212 	 42114 	 71385 	 66807 	 0.0 	 0.0005568009606027008 	 0.03342742462609605 	 0.09301965265303554 	 0.2039053535201925 	 0.3456281441097721 	 0.32346262413030114
20500 	 0 	 116 	 6927 	 19187 	 42171 	 71411 	 66853 	 0.0 	 0.0005612948491520093 	 0.03351801224203421 	 0.09284107129896209 	 0.2040548714102533 	 0.3455398833861563 	 0.323484866813442
20600 	 0 	 115 	 6935 	 19213 	 42171 	 71466 	 66893 	 0.0 	 0.0005561116672227783 	 0.03353595141034755 	 0.09290933445522817 	 0.20392856624740682 	 0.34559196878037457 	 0.3234780674394201
20700 	 0 	 116 	 6926 	 19238 	 42194 	 71508 	 66925 	 0.0 	 0.000560638354429768 	 0.03347397623086701 	 0.09297897122861962 	 0.20392736833456576 	 0.345604546970378 	 0.32345449888113986
20800 	 0 	 114 	 6933 	 19245 	 42219 	 71555 	 66969 	 0.0 	 0.0005506315357306736 	 0.03348709155456807 	 0.09295529741348081 	 0.2039220421667834 	 0.3456178906948101 	 0.323467046634627
20900 	 0 	 112 	 6952 	 19246 	 42228 	 71610 	 67002 	 0.0 	 0.0005406710113444364 	 0.03356022206130823 	 0.09290852039584842 	 0.2038522809558291 	 0.345691527878349 	 0.3234467776973208
21000 	 0 	 116 	 6958 	 19241 	 42259 	 71647 	 67034 	 0.0 	 0.00055969699162867 	 0.03357216954958867 	 0.09283732599937275 	 0.20389857904513764 	 0.34569491688982174 	 0.32343731152445054
21100 	 0 	 122 	 6961 	 19221 	 42311 	 71671 	 67071 	 0.0 	 0.0005883572775454892 	 0.033570123024542216 	 0.09269520681722826 	 0.2040490554936655 	 0.3456406101554324 	 0.3234566472315861
21200 	 0 	 123 	 6972 	 19220 	 42340 	 71693 	 67103 	 0.0 	 0.0005929110970783462 	 0.03360793633195309 	 0.09264838443777085 	 0.20409638902680632 	 0.3455900429499014 	 0.32346433615648995
21300 	 0 	 125 	 6966 	 19240 	 42357 	 71735 	 67126 	 0.0 	 0.0006022674163691466 	 0.0335631585794198 	 0.09270100072753903 	 0.20408192764118352 	 0.34562922490592585 	 0.3234224207295627
21400 	 0 	 122 	 6960 	 19251 	 42402 	 71749 	 67161 	 0.0 	 0.000587541236244552 	 0.03351874593657444 	 0.0927111175323268 	 0.2042042909773893 	 0.345536853764839 	 0.32344145055262585
21500 	 0 	 124 	 6967 	 19260 	 42416 	 71796 	 67188 	 0.0 	 0.0005968683664579232 	 0.03353533797671251 	 0.09270713498370646 	 0.2041674889651554 	 0.3455867841791375 	 0.32340638552883016
21600 	 0 	 124 	 6972 	 19267 	 42431 	 71843 	 67211 	 0.0 	 0.0005965898156345021 	 0.033543743504868946 	 0.09269754820830607 	 0.20414437473538355 	 0.34565163003733496 	 0.32336611369847196
21700 	 0 	 125 	 6980 	 19279 	 42446 	 71868 	 67238 	 0.0 	 0.0006011465066174208 	 0.03356802092951677 	 0.09271602800861804 	 0.20413011695906433 	 0.34562557710064634 	 0.32335911049553706
21800 	 0 	 129 	 6977 	 19296 	 42461 	 71887 	 67274 	 0.0 	 0.0006201207552974657 	 0.03353939930008076 	 0.09275852786216975 	 0.2041158712456255 	 0.3455707033803792 	 0.3233953774564473
21900 	 0 	 130 	 6975 	 19321 	 42459 	 71939 	 67292 	 0.0 	 0.0006246516365872878 	 0.03351496280920256 	 0.09283764823463837 	 0.20401602952199735 	 0.3456678006496377 	 0.3233389071479367
22000 	 0 	 129 	 6976 	 19330 	 42461 	 71975 	 67307 	 0.0 	 0.0006196620200021136 	 0.03350978489561817 	 0.09285323136930895 	 0.20396487621170345 	 0.3457377820903266 	 0.32331466341304077
22100 	 0 	 128 	 6986 	 19319 	 42475 	 72011 	 67334 	 0.0 	 0.0006146370040287535 	 0.03354573523550681 	 0.09276697094399601 	 0.2039586464540727 	 0.34578613513370754 	 0.32332787522868817
22200 	 0 	 124 	 6980 	 19333 	 42498 	 72029 	 67355 	 0.0 	 0.0005952409525775374 	 0.033506305233800084 	 0.09280478496920588 	 0.20400443550516276 	 0.34576298849360837 	 0.32332624484564537
22300 	 0 	 124 	 6983 	 19327 	 42531 	 72045 	 67371 	 0.0 	 0.0005950638493912593 	 0.03351073274434809 	 0.0927483791708457 	 0.20410210143919072 	 0.34573689539833286 	 0.32330682739789135
22400 	 0 	 121 	 6995 	 19334 	 42544 	 72079 	 67387 	 0.0 	 0.0005804470881703924 	 0.03355559819629665 	 0.09274680993955675 	 0.2040871150340593 	 0.3457689724647414 	 0.32326105727717547
22500 	 0 	 122 	 6992 	 19344 	 42565 	 72102 	 67413 	 0.0 	 0.0005850252711735991 	 0.033528661442998396 	 0.09276007250477131 	 0.20411148088118233 	 0.34574993526359704 	 0.3232648246362773
22600 	 0 	 123 	 6981 	 19359 	 42585 	 72122 	 67430 	 0.0 	 0.0005896452540747843 	 0.033465963566634706 	 0.09280441035474593 	 0.20414669223394055 	 0.3457430488974113 	 0.3232502396931927
22700 	 0 	 126 	 6979 	 19356 	 42609 	 72154 	 67449 	 0.0 	 0.0006038155391449781 	 0.03344467180708573 	 0.09275756806103329 	 0.2041902881541934 	 0.34577544771005353 	 0.32322820872848906
22800 	 0 	 125 	 6981 	 19373 	 42608 	 72178 	 67463 	 0.0 	 0.0005988655091794105 	 0.033445440956651716 	 0.09281457207466176 	 0.20413169292093059 	 0.34579931777241196 	 0.32321011076616457
22900 	 0 	 125 	 6988 	 19370 	 42623 	 72185 	 67481 	 0.0 	 0.0005987392945414137 	 0.03347192152204319 	 0.09278064108213745 	 0.20416051960990939 	 0.34575996781177554 	 0.32322821067959306
23000 	 0 	 125 	 6984 	 19382 	 42634 	 72203 	 67507 	 0.0 	 0.0005985586707209041 	 0.033442670050518354 	 0.0928101132473005 	 0.2041516029401202 	 0.3457418536164915 	 0.32325520147484854
