Timestep 	 On terrace 	 At step  	 At kink
0 	 96 	 0 	 0 
100 	 113 	 8 	 1 
200 	 138 	 23 	 7 
300 	 206 	 39 	 20 
400 	 296 	 35 	 11 
500 	 343 	 65 	 19 
600 	 409 	 88 	 43 
700 	 551 	 81 	 40 
800 	 568 	 134 	 66 
900 	 650 	 160 	 87 
1000 	 755 	 193 	 88 
1100 	 858 	 247 	 84 
1200 	 978 	 279 	 92 
1300 	 1110 	 293 	 133 
1400 	 1199 	 347 	 164 
1500 	 1359 	 367 	 172 
1600 	 1464 	 411 	 182 
1700 	 1562 	 465 	 219 
1800 	 1681 	 493 	 254 
1900 	 1754 	 583 	 303 
2000 	 1893 	 637 	 329 
2100 	 2074 	 691 	 331 
2200 	 2176 	 793 	 372 
2300 	 2336 	 788 	 413 
2400 	 2401 	 867 	 455 
2500 	 2534 	 951 	 494 
2600 	 2709 	 987 	 531 
2700 	 2917 	 1006 	 540 
2800 	 3084 	 1111 	 559 
2900 	 3168 	 1231 	 600 
3000 	 3322 	 1346 	 630 
3100 	 3514 	 1381 	 673 
3200 	 3708 	 1430 	 718 
3300 	 3939 	 1431 	 766 
3400 	 4089 	 1522 	 812 
3500 	 4266 	 1661 	 864 
3600 	 4381 	 1742 	 884 
3700 	 4580 	 1877 	 917 
3800 	 4694 	 1994 	 992 
3900 	 4923 	 2046 	 1061 
4000 	 5138 	 2110 	 1134 
4100 	 5283 	 2266 	 1176 
4200 	 5532 	 2323 	 1240 
4300 	 5800 	 2369 	 1259 
4400 	 5987 	 2451 	 1319 
4500 	 6228 	 2516 	 1369 
4600 	 6427 	 2641 	 1417 
4700 	 6592 	 2767 	 1426 
4800 	 6778 	 2891 	 1516 
4900 	 6962 	 3000 	 1531 
5000 	 7242 	 3085 	 1592 
5100 	 7456 	 3234 	 1641 
5200 	 7694 	 3293 	 1761 
5300 	 7873 	 3426 	 1810 
5400 	 8049 	 3536 	 1890 
5500 	 8318 	 3618 	 1947 
5600 	 8516 	 3723 	 1999 
5700 	 8676 	 3849 	 2068 
5800 	 8859 	 3999 	 2115 
5900 	 9172 	 4077 	 2201 
6000 	 9462 	 4226 	 2266 
6100 	 9702 	 4403 	 2291 
6200 	 9887 	 4579 	 2372 
6300 	 10095 	 4677 	 2473 
6400 	 10236 	 4837 	 2571 
6500 	 10553 	 5000 	 2649 
6600 	 10933 	 5053 	 2704 
6700 	 11176 	 5206 	 2754 
6800 	 11554 	 5314 	 2812 
6900 	 11872 	 5443 	 2848 
7000 	 12125 	 5634 	 2942 
7100 	 12344 	 5738 	 3049 
7200 	 12583 	 5871 	 3098 
7300 	 12926 	 5917 	 3188 
7400 	 13211 	 6060 	 3240 
7500 	 13546 	 6146 	 3313 
7600 	 13844 	 6311 	 3363 
7700 	 14099 	 6499 	 3428 
7800 	 14294 	 6669 	 3522 
7900 	 14583 	 6824 	 3606 
8000 	 14861 	 7006 	 3665 
8100 	 15063 	 7257 	 3715 
8200 	 15277 	 7437 	 3813 
8300 	 15600 	 7497 	 3886 
8400 	 15828 	 7677 	 4032 
8500 	 16069 	 7828 	 4103 
8600 	 16379 	 8029 	 4221 
8700 	 16668 	 8196 	 4314 
8800 	 17031 	 8350 	 4320 
8900 	 17354 	 8460 	 4448 
9000 	 17688 	 8570 	 4476 
9100 	 17902 	 8712 	 4568 
9200 	 18174 	 8914 	 4632 
9300 	 18554 	 9019 	 4675 
9400 	 18972 	 9131 	 4734 
9500 	 19224 	 9395 	 4757 
9600 	 19515 	 9540 	 4896 
9700 	 19828 	 9760 	 4938 
9800 	 20060 	 9895 	 5076 
9900 	 20297 	 10028 	 5208 
10000 	 20650 	 10116 	 5301 
10100 	 20895 	 10269 	 5368 
10200 	 21253 	 10338 	 5398 
10300 	 21541 	 10528 	 5462 
10400 	 21742 	 10665 	 5539 
10500 	 21961 	 10901 	 5631 
10600 	 22277 	 10998 	 5767 
10700 	 22600 	 11161 	 5784 
10800 	 22892 	 11415 	 5809 
10900 	 23167 	 11474 	 5927 
11000 	 23493 	 11512 	 6013 
11100 	 23797 	 11601 	 6093 
11200 	 24104 	 11718 	 6120 
11300 	 24348 	 11848 	 6184 
11400 	 24571 	 11987 	 6237 
11500 	 24846 	 12097 	 6312 
11600 	 24921 	 12382 	 6378 
11700 	 25241 	 12459 	 6457 
11800 	 25577 	 12478 	 6505 
11900 	 25873 	 12508 	 6625 
12000 	 26118 	 12651 	 6698 
12100 	 26392 	 12823 	 6712 
12200 	 26534 	 13107 	 6822 
12300 	 26796 	 13169 	 6835 
12400 	 27017 	 13268 	 6866 
12500 	 27240 	 13385 	 6885 
12600 	 27366 	 13564 	 6962 
12700 	 27575 	 13678 	 7021 
12800 	 27761 	 13770 	 7083 
12900 	 27972 	 13869 	 7117 
13000 	 28110 	 13949 	 7214 
13100 	 28394 	 13997 	 7280 
13200 	 28590 	 14125 	 7302 
13300 	 28747 	 14251 	 7326 
13400 	 28833 	 14436 	 7335 
13500 	 28899 	 14580 	 7402 
13600 	 29068 	 14618 	 7495 
13700 	 29269 	 14739 	 7498 
13800 	 29477 	 14757 	 7581 
13900 	 29607 	 14817 	 7688 
14000 	 29771 	 14908 	 7755 
14100 	 30003 	 14919 	 7862 
14200 	 30155 	 14989 	 7876 
14300 	 30281 	 15115 	 7863 
14400 	 30466 	 15165 	 7900 
14500 	 30601 	 15253 	 7922 
14600 	 30800 	 15292 	 7963 
14700 	 30903 	 15383 	 7987 
14800 	 31021 	 15368 	 8052 
14900 	 31118 	 15438 	 8075 
15000 	 31270 	 15502 	 8061 
15100 	 31439 	 15545 	 8100 
15200 	 31613 	 15565 	 8111 
15300 	 31724 	 15627 	 8142 
15400 	 31865 	 15680 	 8167 
15500 	 31912 	 15732 	 8216 
15600 	 32000 	 15844 	 8234 
15700 	 32067 	 15914 	 8274 
15800 	 32178 	 15920 	 8283 
15900 	 32285 	 15971 	 8316 
16000 	 32353 	 16043 	 8337 
16100 	 32489 	 16082 	 8357 
16200 	 32563 	 16144 	 8384 
16300 	 32632 	 16190 	 8426 
16400 	 32705 	 16221 	 8434 
16500 	 32774 	 16258 	 8438 
16600 	 32821 	 16309 	 8469 
16700 	 32954 	 16308 	 8508 
16800 	 33010 	 16340 	 8514 
16900 	 33094 	 16352 	 8553 
17000 	 33127 	 16411 	 8550 
17100 	 33167 	 16461 	 8571 
17200 	 33241 	 16466 	 8570 
17300 	 33326 	 16473 	 8584 
17400 	 33380 	 16503 	 8614 
17500 	 33420 	 16566 	 8633 
17600 	 33518 	 16619 	 8630 
17700 	 33586 	 16656 	 8637 
17800 	 33642 	 16696 	 8648 
17900 	 33694 	 16717 	 8674 
18000 	 33768 	 16736 	 8705 
18100 	 33785 	 16775 	 8745 
18200 	 33833 	 16813 	 8745 
18300 	 33859 	 16853 	 8758 
18400 	 33882 	 16872 	 8767 
18500 	 33929 	 16924 	 8767 
18600 	 33992 	 16918 	 8804 
18700 	 34029 	 16891 	 8838 
18800 	 34105 	 16875 	 8860 
18900 	 34149 	 16892 	 8882 
19000 	 34165 	 16905 	 8890 
19100 	 34205 	 16937 	 8878 
19200 	 34251 	 16974 	 8873 
19300 	 34293 	 16992 	 8888 
19400 	 34330 	 17018 	 8899 
19500 	 34357 	 17034 	 8909 
19600 	 34381 	 17038 	 8911 
19700 	 34414 	 17044 	 8920 
19800 	 34420 	 17040 	 8934 
19900 	 34468 	 17020 	 8949 
20000 	 34507 	 17050 	 8946 
20100 	 34537 	 17090 	 8924 
20200 	 34564 	 17085 	 8952 
20300 	 34580 	 17096 	 8949 
20400 	 34623 	 17090 	 8964 
20500 	 34655 	 17068 	 8981 
20600 	 34657 	 17085 	 8985 
20700 	 34686 	 17079 	 8997 
20800 	 34695 	 17091 	 9003 
20900 	 34714 	 17100 	 9011 
21000 	 34721 	 17121 	 9015 
21100 	 34741 	 17116 	 9035 
21200 	 34742 	 17136 	 9043 
21300 	 34768 	 17143 	 9053 
21400 	 34785 	 17169 	 9035 
21500 	 34823 	 17155 	 9053 
21600 	 34846 	 17168 	 9053 
21700 	 34870 	 17167 	 9061 
21800 	 34877 	 17189 	 9066 
21900 	 34884 	 17200 	 9069 
22000 	 34896 	 17198 	 9075 
22100 	 34906 	 17188 	 9077 
22200 	 34918 	 17201 	 9072 
22300 	 34946 	 17199 	 9070 
22400 	 34991 	 17191 	 9077 
22500 	 35025 	 17191 	 9068 
22600 	 35051 	 17181 	 9072 
22700 	 35068 	 17191 	 9071 
22800 	 35069 	 17213 	 9064 
22900 	 35054 	 17223 	 9071 
23000 	 35080 	 17217 	 9074 
