Timestep 	 Mobile atoms 	 Crystalline atoms 	 Alpha 	 Crystal size (if single crystal)
0 	 210376 	 64 	 0.0003041246911233606 	 3.9999999999999996
100 	 210342 	 98 	 0.0004656909332826459 	 4.610436292058446
200 	 210282 	 158 	 0.0007508078312107964 	 5.406120175750225
300 	 210125 	 315 	 0.0014968637141227904 	 6.804092115953367
400 	 209981 	 459 	 0.0021811442691503516 	 7.713844771974705
500 	 209820 	 620 	 0.0029462079452575556 	 8.527018983281597
600 	 209556 	 884 	 0.004200722296141418 	 9.597337224450664
700 	 209320 	 1120 	 0.00532218209465881 	 10.384988203702207
800 	 209043 	 1397 	 0.006638471773427105 	 11.178893071112261
900 	 208679 	 1761 	 0.008368180954191218 	 12.075907711384081
1000 	 208307 	 2133 	 0.010135905721345751 	 12.872521281078619
1100 	 207883 	 2557 	 0.012150731800038016 	 13.674461809847198
1200 	 207437 	 3003 	 0.014270100741303934 	 14.427301600031935
1300 	 206948 	 3492 	 0.01659380345941836 	 15.171368076498876
1400 	 206445 	 3995 	 0.018984033453716024 	 15.867393590812101
1500 	 205897 	 4543 	 0.0215881011214598 	 16.562055879867543
1600 	 205370 	 5070 	 0.02409237787492872 	 17.17918881916198
1700 	 204819 	 5621 	 0.026710701387568904 	 17.780249945557653
1800 	 204245 	 6195 	 0.029438319711081542 	 18.365965756559117
1900 	 203573 	 6867 	 0.03263162896787683 	 19.007384018231814
2000 	 202886 	 7554 	 0.03589621744915415 	 19.62120431818963
2100 	 202172 	 8268 	 0.03928910853449914 	 20.22088484672667
2200 	 201411 	 9029 	 0.042905341189887855 	 20.823155917868785
2300 	 200677 	 9763 	 0.04639327124120889 	 21.372783988773296
2400 	 199956 	 10484 	 0.0498194259646455 	 21.88646745679144
2500 	 199115 	 11325 	 0.053815814483938414 	 22.45670687489916
2600 	 198339 	 12101 	 0.057503326363809164 	 22.958336672876815
2700 	 197502 	 12938 	 0.06148070708990686 	 23.475907101861733
2800 	 196601 	 13839 	 0.06576221250712792 	 24.008677417778294
2900 	 195772 	 14668 	 0.0697015776468352 	 24.478809943999405
3000 	 194843 	 15597 	 0.07411613761642273 	 24.985057737597728
3100 	 193861 	 16579 	 0.0787825508458468 	 25.498782461411345
3200 	 192880 	 17560 	 0.08344421212697206 	 25.9921080584012
3300 	 191921 	 18519 	 0.08800133054552367 	 26.456913488745887
3400 	 190883 	 19557 	 0.09293385287968067 	 26.942263456001694
3500 	 189802 	 20638 	 0.09807070899068618 	 27.429793369007616
3600 	 188771 	 21669 	 0.10296996768675157 	 27.879156076269847
3700 	 187623 	 22817 	 0.10842520433377685 	 28.363044573053074
3800 	 186550 	 23890 	 0.11352404485839195 	 28.800855170080084
3900 	 185424 	 25016 	 0.11887473864284356 	 29.246413956356836
4000 	 184218 	 26222 	 0.12460558829119939 	 29.709039032081407
4100 	 183035 	 27405 	 0.13022714312868275 	 30.14925618817957
4200 	 181873 	 28567 	 0.13574890705189127 	 30.569491286344725
4300 	 180635 	 29805 	 0.1416318190458088 	 31.004855292235966
4400 	 179464 	 30976 	 0.14719635050370652 	 31.405697642158753
4500 	 178150 	 32290 	 0.15344041056833302 	 31.84363825499303
4600 	 176912 	 33528 	 0.1593233225622505 	 32.24550745664825
4700 	 175615 	 34825 	 0.1654865995057974 	 32.656054213854844
4800 	 174316 	 36124 	 0.17165938034594183 	 33.0571400611467
4900 	 172987 	 37453 	 0.17797471963505038 	 33.457657947440914
5000 	 171548 	 38892 	 0.1848127732370272 	 33.8807819998321
5100 	 170143 	 40297 	 0.1914892605968447 	 34.28395410937222
5200 	 168770 	 41670 	 0.19801368561110055 	 34.66898817457911
5300 	 167337 	 43103 	 0.20482322752328455 	 35.061931166850336
5400 	 165895 	 44545 	 0.21167553697015776 	 35.44864624021954
5500 	 164402 	 46038 	 0.2187701957802699 	 35.840342358283635
5600 	 162904 	 47536 	 0.22588861433187607 	 36.224929157036236
5700 	 161432 	 49008 	 0.23288348222771335 	 36.59504845075063
5800 	 159899 	 50541 	 0.2401682189697776 	 36.972709362031964
5900 	 158352 	 52088 	 0.2475194829880251 	 37.346154893180284
6000 	 156819 	 53621 	 0.2548042197300893 	 37.708996016829566
6100 	 155241 	 55199 	 0.2623027941455997 	 38.07533531296674
6200 	 153620 	 56820 	 0.27000570233795856 	 38.44445805690269
6300 	 152027 	 58413 	 0.27757555597795097 	 38.80042689153726
6400 	 150353 	 60087 	 0.28553031743014634 	 39.16758913374863
6500 	 148668 	 61772 	 0.2935373503136286 	 39.53034041296849
6600 	 146923 	 63517 	 0.30182950009503895 	 39.89912079854463
6700 	 145230 	 65210 	 0.3098745485649116 	 40.25051116205896
6800 	 143522 	 66918 	 0.3179908762592663 	 40.59890474044723
6900 	 141784 	 68656 	 0.3262497624025851 	 40.94738442049543
7000 	 140045 	 70395 	 0.33451340049420264 	 41.290227057123175
7100 	 138417 	 72023 	 0.3422495723246531 	 41.60610579757092
7200 	 136643 	 73797 	 0.35067952860672874 	 41.94493918624013
7300 	 134898 	 75542 	 0.35897167838813915 	 42.27297631038534
7400 	 133166 	 77274 	 0.36720205284166507 	 42.59361142047031
7500 	 131419 	 79021 	 0.3755037065196731 	 42.912205943929756
7600 	 129605 	 80835 	 0.3841237407337008 	 43.23808797989113
7700 	 127854 	 82586 	 0.392444402204904 	 43.54805979959627
7800 	 126126 	 84314 	 0.40065576886523474 	 43.849693742343426
7900 	 124354 	 86086 	 0.4090762212507128 	 44.154758072568754
8000 	 122545 	 87895 	 0.41767249572324655 	 44.46190401990403
8100 	 120760 	 89680 	 0.426154723436609 	 44.760871447112955
8200 	 118994 	 91446 	 0.43454666413229426 	 45.05277758256864
8300 	 117205 	 93235 	 0.44304789963885194 	 45.34467829287056
8400 	 115388 	 95052 	 0.45168218969777607 	 45.637350131366524
8500 	 113550 	 96890 	 0.4604162706709751 	 45.92963406744032
8600 	 111753 	 98687 	 0.4689555217639232 	 46.21184581584568
8700 	 109878 	 100562 	 0.47786542482417793 	 46.502678382740946
8800 	 108082 	 102358 	 0.4863999239688272 	 46.77788664791158
8900 	 106286 	 104154 	 0.4949344231134765 	 47.04989420039052
9000 	 104520 	 105920 	 0.5033263638091617 	 47.31432594411739
9100 	 102666 	 107774 	 0.5121364759551416 	 47.588790524776826
9200 	 100830 	 109610 	 0.520861053031743 	 47.85750564597844
9300 	 99101 	 111339 	 0.5290771716403726 	 48.10783049743639
9400 	 97344 	 113096 	 0.5374263448013685 	 48.3595682649175
9500 	 95547 	 114893 	 0.5459655958943167 	 48.61435445631192
9600 	 93765 	 116675 	 0.5544335677627827 	 48.86440367872533
9700 	 92061 	 118379 	 0.5625308876639422 	 49.1011377654975
9800 	 90260 	 120180 	 0.5710891465500856 	 49.348891286557944
9900 	 88585 	 121855 	 0.5790486599505797 	 49.577099860557965
10000 	 86792 	 123648 	 0.5875689032503326 	 49.81907947822038
10100 	 85056 	 125384 	 0.5958182854970538 	 50.05114766049564
10200 	 83431 	 127009 	 0.6035402014826079 	 50.2664442933623
10300 	 81705 	 128735 	 0.611742064246341 	 50.49312065229208
10400 	 80047 	 130393 	 0.6196207945257556 	 50.708966483792175
10500 	 78301 	 132139 	 0.6279176962554648 	 50.93429960948062
10600 	 76623 	 133817 	 0.6358914655008554 	 51.14899400395087
10700 	 75021 	 135419 	 0.6435040866755369 	 51.35229617437553
10800 	 73337 	 137103 	 0.6515063676107204 	 51.56428331756927
10900 	 71730 	 138710 	 0.659142748526896 	 51.76496490512099
11000 	 70098 	 140342 	 0.6668979281505417 	 51.96718837343223
11100 	 68486 	 141954 	 0.6745580688082113 	 52.16540036235658
11200 	 66932 	 143508 	 0.6819425964645505 	 52.35506510415541
11300 	 65428 	 145012 	 0.6890895267059495 	 52.5373279505711
11400 	 63895 	 146545 	 0.6963742634480137 	 52.72181284221043
11500 	 62432 	 148008 	 0.7033263638091618 	 52.89667778589124
11600 	 60876 	 149564 	 0.7107203953620984 	 53.08139859610472
11700 	 59446 	 150994 	 0.717515681429386 	 53.25003489899039
11800 	 58011 	 152429 	 0.7243347272381676 	 53.41819389678083
11900 	 56551 	 153889 	 0.7312725717544193 	 53.588202831759425
12000 	 55163 	 155277 	 0.7378682759931572 	 53.74883357843759
12100 	 53802 	 156638 	 0.7443356776278274 	 53.905412834439865
12200 	 52320 	 158120 	 0.7513780650066527 	 54.07488467424888
12300 	 50964 	 159476 	 0.757821706899829 	 54.22902273190831
12400 	 49679 	 160761 	 0.7639279604637902 	 54.374285893647176
12500 	 48381 	 162059 	 0.7700959893556358 	 54.52023489004999
12600 	 47081 	 163359 	 0.7762735221440791 	 54.665629731140875
12700 	 45834 	 164606 	 0.7821992016726858 	 54.80437388499667
12800 	 44624 	 165816 	 0.7879490591142368 	 54.93833308773289
12900 	 43410 	 167030 	 0.793717924348983 	 55.07208179844004
13000 	 42258 	 168182 	 0.7991921687892036 	 55.19840190010352
13100 	 41129 	 169311 	 0.8045571184185516 	 55.32164153546756
13200 	 40001 	 170439 	 0.8099173160996008 	 55.44422608956033
13300 	 38899 	 171541 	 0.8151539631248812 	 55.563463911225995
13400 	 37890 	 172550 	 0.819948678958373 	 55.67219199261819
13500 	 36831 	 173609 	 0.8249809922068048 	 55.78585305302332
13600 	 35791 	 174649 	 0.8299230184375594 	 55.897025900953466
13700 	 34743 	 175697 	 0.8349030602547044 	 56.00860837052325
13800 	 33785 	 176655 	 0.8394554267249572 	 56.11022084294412
13900 	 32736 	 177704 	 0.844440220490401 	 56.221064953731485
14000 	 31756 	 178684 	 0.8490971298232275 	 56.324224647583556
14100 	 30815 	 179625 	 0.8535687131724007 	 56.42292463771428
14200 	 29926 	 180514 	 0.8577931952100362 	 56.515854271109575
14300 	 29068 	 181372 	 0.8618703668504086 	 56.605254499340006
14400 	 28254 	 182186 	 0.8657384527656339 	 56.689809847097656
14500 	 27404 	 183036 	 0.8697776088196161 	 56.77783635705907
14600 	 26607 	 183833 	 0.8735649116137616 	 56.86012693252459
14700 	 25827 	 184613 	 0.8772714312868276 	 56.940432281710386
14800 	 25061 	 185379 	 0.8809114236837103 	 57.019076409618314
14900 	 24314 	 186126 	 0.8844611290629157 	 57.09556146061069
15000 	 23614 	 186826 	 0.8877874928720776 	 57.16704868558821
15100 	 22872 	 187568 	 0.8913134385097891 	 57.242630453029186
15200 	 22194 	 188246 	 0.8945352594563771 	 57.311518953011586
15300 	 21533 	 188907 	 0.8976762972818856 	 57.37852110286643
15400 	 20882 	 189558 	 0.9007698156244061 	 57.444357009473514
15500 	 20265 	 190175 	 0.9037017677247672 	 57.50661549593293
15600 	 19623 	 190817 	 0.9067525185325984 	 57.57125382102355
15700 	 18963 	 191477 	 0.909888804409808 	 57.63755347518678
15800 	 18378 	 192062 	 0.9126686941646075 	 57.696191829662475
15900 	 17842 	 192598 	 0.9152157384527656 	 57.74981415830701
16000 	 17272 	 193168 	 0.9179243489830831 	 57.806728861460336
16100 	 16644 	 193796 	 0.920908572514731 	 57.86930540278214
16200 	 16128 	 194312 	 0.9233605778369132 	 57.92062070089682
16300 	 15594 	 194846 	 0.9258981182284737 	 57.97363050211683
16400 	 15107 	 195333 	 0.9282123170499905 	 58.02189027066024
16500 	 14631 	 195809 	 0.9304742444402205 	 58.06898252845956
16600 	 14179 	 196261 	 0.9326221250712792 	 58.11362979506202
16700 	 13706 	 196734 	 0.9348697966166128 	 58.16027804080912
16800 	 13267 	 197173 	 0.9369559019197871 	 58.20350628175371
16900 	 12834 	 197606 	 0.9390134955331686 	 58.246080894571115
17000 	 12387 	 198053 	 0.9411376164227333 	 58.28996686123003
17100 	 11964 	 198476 	 0.9431476905531267 	 58.331435765937705
17200 	 11561 	 198879 	 0.9450627257175442 	 58.37088919447803
17300 	 11194 	 199246 	 0.9468066907432047 	 58.40677190502884
17400 	 10836 	 199604 	 0.948507888234176 	 58.44173222801187
17500 	 10490 	 199950 	 0.9501520623455617 	 58.475480995190296
17600 	 10121 	 200319 	 0.9519055312678198 	 58.51143030356331
17700 	 9801 	 200639 	 0.9534261547234366 	 58.542570129686204
17800 	 9490 	 200950 	 0.9549040106443641 	 58.57280243795895
17900 	 9183 	 201257 	 0.9563628587720966 	 58.60261532822361
18000 	 8877 	 201563 	 0.9578169549515301 	 58.63230095332986
18100 	 8558 	 201882 	 0.9593328264588481 	 58.66321576349722
18200 	 8292 	 202148 	 0.9605968447063296 	 58.68896936698681
18300 	 8033 	 202407 	 0.9618275993157195 	 58.714023544916415
18400 	 7796 	 202644 	 0.9629538110625356 	 58.73693084878263
18500 	 7527 	 202913 	 0.9642320851549135 	 58.76290949146558
18600 	 7267 	 203173 	 0.9654675917126022 	 58.787997148955824
18700 	 7038 	 203402 	 0.966555787873028 	 58.810075864446134
18800 	 6798 	 203642 	 0.9676962554647406 	 58.83319735211521
18900 	 6570 	 203870 	 0.9687796996768675 	 58.855145944844146
19000 	 6351 	 204089 	 0.9698203763543053 	 58.876212743022506
19100 	 6135 	 204305 	 0.9708467971868466 	 58.89697619769267
19200 	 5916 	 204524 	 0.9718874738642843 	 58.91801309808336
19300 	 5715 	 204725 	 0.9728426154723436 	 58.93730772570509
19400 	 5517 	 204923 	 0.9737835012355066 	 58.956302030040725
19500 	 5331 	 205109 	 0.9746673636190838 	 58.97413402237557
19600 	 5174 	 205266 	 0.9754134195019958 	 58.989177369470056
19700 	 5028 	 205412 	 0.9761072039536209 	 59.003159842257354
19800 	 4861 	 205579 	 0.976900779319521 	 59.01914537149029
19900 	 4696 	 205744 	 0.9776848507888234 	 59.03493095728943
20000 	 4529 	 205911 	 0.9784784261547235 	 59.05089929211129
20100 	 4376 	 206064 	 0.9792054742444403 	 59.06552138738608
20200 	 4219 	 206221 	 0.9799515301273523 	 59.0805182374761
20300 	 4069 	 206371 	 0.9806643223721726 	 59.09483932976524
20400 	 3903 	 206537 	 0.9814531457897738 	 59.11067991825376
20500 	 3775 	 206665 	 0.9820613951720205 	 59.122888553251215
20600 	 3647 	 206793 	 0.9826696445542672 	 59.1350921482634
20700 	 3533 	 206907 	 0.9832113666603307 	 59.14595673602925
20800 	 3405 	 207035 	 0.9838196160425775 	 59.15815081651697
20900 	 3290 	 207150 	 0.9843660900969398 	 59.16910215018188
21000 	 3185 	 207255 	 0.984865044668314 	 59.179097654753406
21100 	 3083 	 207357 	 0.9853497433947919 	 59.188804341342404
21200 	 2989 	 207451 	 0.9857964265348793 	 59.197746901101866
21300 	 2891 	 207549 	 0.986262117468162 	 59.20706711954825
21400 	 2795 	 207645 	 0.986718304504847 	 59.216194285222564
21500 	 2689 	 207751 	 0.98722201102452 	 59.226268929933504
21600 	 2592 	 207848 	 0.9876829500095039 	 59.23548517791448
21700 	 2504 	 207936 	 0.9881011214597986 	 59.24384382975538
21800 	 2416 	 208024 	 0.9885192929100931 	 59.25220012363474
21900 	 2324 	 208116 	 0.988956472153583 	 59.26093372969073
22000 	 2262 	 208178 	 0.9892510929481088 	 59.26681796907733
22100 	 2187 	 208253 	 0.9896074890705189 	 59.27393443936579
22200 	 2121 	 208319 	 0.9899211176582399 	 59.280195519991715
22300 	 2059 	 208381 	 0.9902157384527657 	 59.286075936661206
22400 	 1980 	 208460 	 0.990591142368371 	 59.29356703590091
22500 	 1902 	 208538 	 0.9909617943356777 	 59.30096145451375
22600 	 1840 	 208600 	 0.9912564151302033 	 59.30683775412289
22700 	 1767 	 208673 	 0.991603307356016 	 59.31375513064386
22800 	 1712 	 208728 	 0.9918646645124501 	 59.318965787130104
22900 	 1668 	 208772 	 0.9920737502375974 	 59.32313365331179
23000 	 1605 	 208835 	 0.992373122980422 	 59.329100260502265
